10,10
49015.000000 32168.000000 32497.000000 28476.000000 32535.000000 37462.000000 21419.000000 32767.000000 35730.000000 34308.000000 
32168.000000 29555.000000 25367.000000 20823.000000 21178.000000 33972.000000 18118.000000 24632.000000 33678.000000 28673.000000 
32497.000000 25367.000000 27786.000000 20540.000000 25322.000000 31831.000000 17653.000000 24892.000000 27033.000000 26307.000000 
28476.000000 20823.000000 20540.000000 27613.000000 24389.000000 29970.000000 14867.000000 20074.000000 28322.000000 20065.000000 
32535.000000 21178.000000 25322.000000 24389.000000 30702.000000 27977.000000 16845.000000 22876.000000 25943.000000 20668.000000 
37462.000000 33972.000000 31831.000000 29970.000000 27977.000000 48512.000000 23647.000000 34285.000000 42514.000000 37207.000000 
21419.000000 18118.000000 17653.000000 14867.000000 16845.000000 23647.000000 16131.000000 18266.000000 20675.000000 18479.000000 
32767.000000 24632.000000 24892.000000 20074.000000 22876.000000 34285.000000 18266.000000 32636.000000 30088.000000 29490.000000 
35730.000000 33678.000000 27033.000000 28322.000000 25943.000000 42514.000000 20675.000000 30088.000000 49620.000000 32185.000000 
34308.000000 28673.000000 26307.000000 20065.000000 20668.000000 37207.000000 18479.000000 29490.000000 32185.000000 35118.000000 
