60,1
83.000000 
86.000000 
77.000000 
15.000000 
93.000000 
35.000000 
86.000000 
92.000000 
49.000000 
21.000000 
62.000000 
27.000000 
90.000000 
59.000000 
63.000000 
26.000000 
40.000000 
26.000000 
72.000000 
36.000000 
11.000000 
68.000000 
67.000000 
29.000000 
82.000000 
30.000000 
62.000000 
23.000000 
67.000000 
35.000000 
29.000000 
2.000000 
22.000000 
58.000000 
69.000000 
67.000000 
93.000000 
56.000000 
11.000000 
42.000000 
29.000000 
73.000000 
21.000000 
19.000000 
84.000000 
37.000000 
98.000000 
24.000000 
15.000000 
70.000000 
13.000000 
26.000000 
91.000000 
80.000000 
56.000000 
73.000000 
62.000000 
70.000000 
96.000000 
81.000000 
